2 0.0515625 0.409375 0.0453125 0.0859375
2 0.2875 0.34375 0.0484375 0.05625
2 0.58125 0.2359375 0.0640625 0.0328125
2 0.65 0.271875 0.021875 0.015625
2 0.60625 0.4984375 0.10625 0.1875
2 0.7453125 0.5265625 0.1109375 0.0515625
2 0.8859375 0.5484375 0.0921875 0.078125
2 0.921875 0.7203125 0.15625 0.11875
2 0.3796875 0.53125 0.103125 0.1734375
2 0.3921875 0.3890625 0.0609375 0.0984375
2 0.2875 0.4109375 0.04375 0.0359375
2 0.1 0.3921875 0.0703125 0.1875
2 0.475 0.640625 0.071875 0.103125
2 0.478125 0.353125 0.025 0.04375
2 0.4640625 0.4640625 0.059375 0.1078125
2 0.715625 0.3609375 0.05625 0.0625
2 0.790625 0.3953125 0.0890625 0.0765625
2 0.690625 0.4296875 0.0265625 0.03125
2 0.725 0.4359375 0.0203125 0.028125
2 0.8109375 0.3375 0.040625 0.028125
2 0.871875 0.340625 0.0515625 0.0421875
2 0.940625 0.38125 0.0328125 0.0453125
2 0.98125 0.390625 0.0375 0.0578125
2 0.9125 0.4171875 0.0546875 0.0546875
2 0.8578125 0.4859375 0.0421875 0.04375
2 0.5265625 0.3296875 0.0140625 0.0171875
2 0.546875 0.3171875 0.0125 0.0296875
2 0.603125 0.34375 0.01875 0.0515625
2 0.3515625 0.3375 0.0203125 0.03125
2 0.2359375 0.4265625 0.0234375 0.040625
2 0.2375 0.384375 0.0125 0.03125
2 0.5234375 0.4328125 0.0515625 0.078125